   0.00000000     ,   2.8999411686963867      ,   11092816172008.680      ,   1.4347568389766801E-014
  0.100000001     ,   2.1643898307547960      ,   5.0121358517635313E-003 ,   31.753915570146940     
  0.200000003     ,   2.1607595253667258      ,   2.4789041705057845E-003 ,   64.203747993425822     
  0.300000012     ,   2.1549815772254952      ,   1.6229484617938824E-003 ,   98.065306699319393     
  0.400000006     ,   2.1474379477873127      ,   1.1868722130358015E-003 ,   134.09610311451857     
  0.500000000     ,   1.7852839571430237      ,   7.6837894311394144E-004 ,   207.13079150505155     
  0.600000024     ,   1.7647696436795097      ,   6.1184341234797720E-004 ,   260.12364512063846     
  0.699999988     ,   1.4070252204859375      ,   4.0050608024448469E-004 ,   397.38457544976905     
  0.800000012     ,   1.3797317859152809      ,   3.2754117030710337E-004 ,   485.90819442264814     
  0.899999976     ,   1.1740989081016306      ,   2.3303432640867149E-004 ,   682.96778897670299     
   1.00000000     ,   1.1590780509825540      ,   1.9401300799371717E-004 ,   820.33127731394018     
   1.10000002     ,   1.1475321766531088      ,   1.6218635111439909E-004 ,   981.30907791830668     
   1.20000005     ,   1.0600183753536083      ,   1.2634814889887319E-004 ,   1259.6539011457180     
   1.29999995     ,   1.0561847134758648      ,   1.0578804673171873E-004 ,   1504.4699621558077     
   1.39999998     ,   1.0534579539217639      ,   8.8240108553849065E-005 ,   1803.6575574460044     
   1.50000000     ,   1.0096377712309166      ,   7.0559384809341306E-005 ,   2255.6168692946890     
   1.60000002     ,   1.0097487270984322      ,   5.8282068269124480E-005 ,   2730.7702590115464     
   1.70000005     ,   1.0101080309725037      ,   4.7864562652893204E-005 ,   3325.1100572499527     
   1.79999995     ,   1.0028965881803198      ,   3.8870630295658072E-005 ,   4094.4779503815662     
   1.89999998     ,   1.0036858775812438      ,   3.1877234512132031E-005 ,   4992.7461117253924     
   2.00000000     ,   1.0009194311721115      ,   2.6330006478800898E-005 ,   6044.6220851159396     
   2.09999990     ,   1.0022225692963054      ,   2.2462010662507020E-005 ,   7085.5161211664272     
   2.20000005     ,   1.0033059343143917      ,   2.0104782917868888E-005 ,   7916.2724269731225     
   2.29999995     ,   1.0007100364395733      ,   1.9040283912935781E-005 ,   8358.8532288049228     
   2.40000010     ,   1.0017181107177671      ,   1.9528170303932818E-005 ,   8150.0179579524211     
   2.50000000     ,   1.0023588105218160      ,   2.1288867608064345E-005 ,   7475.9701452000618     
   2.59999990     ,   1.0021713331490507      ,   2.4095980783932963E-005 ,   6605.0409024698893     
   2.70000005     ,   1.0011743209769008      ,   2.7602184974995733E-005 ,   5766.0268129925571     
   2.79999995     ,   1.0000623673468128      ,   3.1366127149900137E-005 ,   5074.1023238985499     
