   0.00000000     ,  -15.550539339659736      ,   13799189250201.336      ,   1.1533644171209808E-014
  0.100000001     ,   6.5299326252570413      ,   7.0477836539525000E-003 ,   22.582267912515913     
  0.200000003     ,  0.86542307164067744      ,   4.5272265231704122E-004 ,   351.55064110101040     
  0.300000012     ,  0.83867698815876790      ,   2.9603484371969072E-004 ,   537.62231723542050     
  0.400000006     ,  0.86451225819362609      ,   2.3785629636876565E-004 ,   669.12224352579835     
  0.500000000     ,  0.91151526510219072      ,   2.2031394942188955E-004 ,   722.40064272204768     
  0.600000024     ,  0.96143059676891052      ,   2.2864649154789003E-004 ,   696.07426549849629     
  0.699999988     ,   1.0015245988593324      ,   2.5836186655649261E-004 ,   616.01559388101646     
  0.800000012     ,   1.0275344037438494      ,   3.0844418651553582E-004 ,   515.99266778526021     
  0.899999976     ,   1.0317032271647208      ,   3.8172698512406163E-004 ,   416.93394720648371     
